number of receivers:
	483
rx (m)		rz (m)
0.000 	    0	822.600 	88.17387 	40.37221 	1001
957.027 	0	831.700 	88.18196 	40.36621 	1002
2007.308 	0	828.900 	88.19083 	40.35961 	1003
2958.980 	0	832.000 	88.19888 	40.35364 	1004
3868.586 	0	826.100 	88.20656 	40.34793 	1005
4841.182 	0	823.300 	88.21478 	40.34182 	1006
5872.138 	0	821.400 	88.22349 	40.33535 	1007
7165.564 	0	833.200 	88.23441 	40.32722 	1008
8586.815 	0	826.800 	88.24640 	40.31830 	1009
10114.339 	0	822.800 	88.25930 	40.30870 	1010
11013.497 	0	828.000 	88.26688 	40.30305 	1011
11833.105 	0	824.300 	88.27380 	40.29790 	1012
12451.394 	0	819.100 	88.27901 	40.29402 	1013
13027.611 	0	824.300 	88.28387 	40.29040 	1014
13615.475 	0	826.500 	88.28883 	40.28670 	1015
14261.527 	0	819.800 	88.29428 	40.28264 	1016
14944.364 	0	824.200 	88.30003 	40.27835 	1017
15788.825 	0	824.300 	88.30715 	40.27304 	1018
16078.390 	0	820.700 	88.30959 	40.27122 	1019
16898.990 	0	821.200 	88.31651 	40.26606 	1020
17572.552 	0	817.500 	88.32219 	40.26183 	1021
18272.669 	0	824.600 	88.32809 	40.25742 	1022
19179.319 	0	821.800 	88.33572 	40.25172 	1023
20169.511 	0	820.900 	88.34407 	40.24550 	1024
21335.678 	0	820.300 	88.35389 	40.23816 	1025
22626.105 	0	829.600 	88.36475 	40.23005 	1026
23935.203 	0	818.300 	88.37577 	40.22181 	1027
25008.986 	0	821.600 	88.38481 	40.21506 	1028
26449.660 	0	817.800 	88.39693 	40.20599 	1029
28112.372 	0	822.300 	88.41091 	40.19553 	1030
29310.568 	0	820.200 	88.42099 	40.18799 	1031
30581.160 	0	817.900 	88.43167 	40.17999 	1032
31941.133 	0	817.300 	88.44310 	40.17143 	1033
32454.733 	0	817.600 	88.44742 	40.16819 	1034
33027.544 	0	817.100 	88.45223 	40.16459 	1035
34260.159 	0	815.800 	88.46259 	40.15682 	1036
35146.993 	0	823.800 	88.47004 	40.15124 	1037
36417.629 	0	820.800 	88.48071 	40.14324 	1038
36960.322 	0	818.200 	88.48527 	40.13982 	1039
38025.819 	0	817.500 	88.49421 	40.13311 	1040
38206.022 	0	818.900 	88.49572 	40.13197 	1041
38757.103 	0	815.600 	88.50035 	40.12850 	1042
39275.944 	0	815.200 	88.50470 	40.12523 	1043
39943.733 	0	816.100 	88.51031 	40.12102 	1044
40432.853 	0	813.700 	88.51441 	40.11794 	1045
41142.077 	0	816.100 	88.52036 	40.11347 	1046
41962.311 	0	813.500 	88.52724 	40.10830 	1047
42467.058 	0	814.400 	88.53148 	40.10512 	1048
42899.833 	0	814.900 	88.53511 	40.10239 	1049
43704.858 	0	810.300 	88.54186 	40.09732 	1050
44372.126 	0	813.600 	88.54746 	40.09311 	1051
45100.252 	0	814.500 	88.55356 	40.08852 	1052
45891.345 	0	815.200 	88.56019 	40.08354 	1053
46706.071 	0	817.300 	88.56702 	40.07840 	1054
47640.411 	0	821.400 	88.57485 	40.07251 	1055
48235.431 	0	813.100 	88.57984 	40.06876 	1056
49354.936 	0	812.800 	88.58922 	40.06170 	1057
50405.505 	0	818.600 	88.59802 	40.05507 	1058
51334.055 	0	816.300 	88.60579 	40.04921 	1059
52248.279 	0	806.900 	88.61345 	40.04345 	1060
52990.291 	0	814.300 	88.61966 	40.03877 	1061
53142.143 	0	808.700 	88.62093 	40.03781 	1062
53290.713 	0	800.500 	88.62217 	40.03687 	1063
53949.268 	0	820.300 	88.62769 	40.03272 	1064
54790.479 	0	815.600 	88.63473 	40.02741 	1065
55536.500 	0	807.800 	88.64097 	40.02270 	1066
55989.718 	0	810.000 	88.64476 	40.01984 	1067
56345.497 	0	811.300 	88.64774 	40.01760 	1068
56932.425 	0	812.700 	88.65265 	40.01389 	1069
57509.271 	0	815.800 	88.65747 	40.01025 	1070
58375.974 	0	812.800 	88.66472 	40.00478 	1071
59084.336 	0	811.600 	88.67065 	40.00031 	1072
59928.832 	0	807.100 	88.67771 	39.99498 	1073
60681.786 	0	805.300 	88.68400 	39.99023 	1074
61404.884 	0	806.300 	88.69005 	39.98566 	1075
62463.099 	0	809.400 	88.69889 	39.97898 	1076
63228.661 	0	808.700 	88.70529 	39.97414 	1077
64256.827 	0	807.700 	88.71388 	39.96765 	1078
64982.234 	0	806.100 	88.71994 	39.96307 	1079
65811.042 	0	812.700 	88.72686 	39.95784 	1080
66679.402 	0	805.700 	88.73411 	39.95235 	1081
67621.940 	0	807.900 	88.74198 	39.94640 	1082
68630.722 	0	811.200 	88.75040 	39.94002 	1083
69506.963 	0	802.100 	88.75772 	39.93449 	1084
70282.968 	0	793.200 	88.76419 	39.92958 	1085
70999.500 	0	786.200 	88.77017 	39.92505 	1086
71925.106 	0	809.700 	88.77789 	39.91921 	1087
72472.085 	0	811.300 	88.78246 	39.91575 	1088
73064.229 	0	809.300 	88.78740 	39.91201 	1089
73808.020 	0	807.700 	88.79360 	39.90730 	1090
74277.035 	0	807.400 	88.79751 	39.90434 	1091
74767.124 	0	806.800 	88.80160 	39.90124 	1092
74996.955 	0	805.800 	88.80351 	39.89979 	1093
75104.089 	0	804.100 	88.80441 	39.89911 	1094
75437.998 	0	806.800 	88.80719 	39.89700 	1095
75976.914 	0	806.800 	88.81168 	39.89359 	1096
76594.007 	0	799.900 	88.81683 	39.88969 	1097
77020.197 	0	805.400 	88.82038 	39.88700 	1098
77079.660 	0	801.900 	88.82087 	39.88662 	1099
77018.406 	0	803.600 	88.82036 	39.88701 	1100
76868.144 	0	806.300 	88.81911 	39.88796 	1101
77053.632 	0	803.500 	88.82066 	39.88678 	1102
78514.983 	0	802.100 	88.83283 	39.87754 	1103
79973.605 	0	800.500 	88.84499 	39.86832 	1104
81290.524 	0	802.800 	88.85595 	39.85999 	1105
82274.824 	0	803.800 	88.86415 	39.85376 	1106
83371.446 	0	804.900 	88.87328 	39.84682 	1108
84521.021 	0	799.300 	88.88285 	39.83955 	1109
85576.170 	0	802.200 	88.89163 	39.83287 	1110
86326.345 	0	798.400 	88.89787 	39.82813 	1111
87215.714 	0	799.700 	88.90527 	39.82250 	1112
88149.330 	0	799.900 	88.91304 	39.81659 	1113
89149.450 	0	801.500 	88.92135 	39.81026 	1114
89971.640 	0	802.600 	88.92819 	39.80505 	1115
90884.462 	0	801.300 	88.93578 	39.79927 	1116
91830.818 	0	800.200 	88.94365 	39.79328 	1117
92542.013 	0	797.000 	88.94956 	39.78878 	1118
93429.703 	0	800.800 	88.95693 	39.78316 	1119
94531.231 	0	802.000 	88.96609 	39.77618 	1120
95246.395 	0	806.100 	88.97203 	39.77165 	1121
96070.852 	0	801.600 	88.97887 	39.76643 	1122
96980.866 	0	803.200 	88.98643 	39.76066 	1123
97831.670 	0	794.400 	88.99350 	39.75527 	1124
98806.570 	0	795.200 	89.00159 	39.74910 	1125
99941.722 	0	794.900 	89.01101 	39.74191 	1126
100664.659 	0	799.800 	89.01701 	39.73732 	1127
101621.466 	0	798.700 	89.02495 	39.73126 	1128
102433.431 	0	803.700 	89.03169 	39.72611 	1129
103362.619 	0	800.700 	89.03939 	39.72022 	1130
104220.702 	0	811.100 	89.04651 	39.71479 	1131
104979.636 	0	807.700 	89.05280 	39.70997 	1132
106054.181 	0	809.400 	89.06171 	39.70316 	1133
107000.970 	0	808.500 	89.06956 	39.69716 	1134
107879.434 	0	819.500 	89.07684 	39.69159 	1135
108665.744 	0	817.300 	89.08336 	39.68660 	1136
109578.412 	0	819.400 	89.09092 	39.68081 	1137
110129.513 	0	822.600 	89.09548 	39.67732 	1138
111383.155 	0	820.500 	89.10587 	39.66937 	1139
112305.826 	0	826.000 	89.11351 	39.66351 	1140
113040.977 	0	825.600 	89.11959 	39.65885 	1141
113755.198 	0	842.500 	89.12551 	39.65432 	1142
114864.618 	0	844.400 	89.13469 	39.64728 	1143
115746.944 	0	844.000 	89.14199 	39.64168 	1144
116565.428 	0	858.700 	89.14876 	39.63648 	1145
117623.833 	0	864.200 	89.15752 	39.62977 	1146
118381.935 	0	865.100 	89.16379 	39.62495 	1147
119235.929 	0	867.100 	89.17085 	39.61953 	1148
119956.408 	0	870.700 	89.17681 	39.61496 	1149
121112.961 	0	870.100 	89.18637 	39.60762 	1150
121929.855 	0	878.200 	89.19313 	39.60243 	1151
122868.744 	0	877.700 	89.20089 	39.59647 	1152
123555.018 	0	880.200 	89.20656 	39.59211 	1153
124756.313 	0	886.300 	89.21648 	39.58448 	1154
125623.722 	0	887.500 	89.22365 	39.57897 	1155
126423.286 	0	896.000 	89.23025 	39.57389 	1156
127566.971 	0	905.100 	89.23970 	39.56663 	1157
128414.452 	0	908.900 	89.24670 	39.56124 	1158
129255.387 	0	919.300 	89.25364 	39.55590 	1159
130022.368 	0	927.500 	89.25997 	39.55103 	1160
131482.677 	0	944.000 	89.27202 	39.54175 	1161
132555.376 	0	954.100 	89.28087 	39.53493 	1162
134698.892 	0	960.100 	89.29855 	39.52130 	1163
135209.645 	0	959.800 	89.30276 	39.51806 	1164
135748.353 	0	961.800 	89.30720 	39.51463 	1165
136446.949 	0	958.300 	89.31296 	39.51019 	1166
137027.359 	0	962.500 	89.31775 	39.50650 	1167
137594.998 	0	958.700 	89.32243 	39.50289 	1168
138332.938 	0	958.000 	89.32851 	39.49820 	1169
139029.348 	0	950.600 	89.33425 	39.49377 	1170
139694.281 	0	940.400 	89.33973 	39.48954 	1171
140285.047 	0	949.000 	89.34459 	39.48578 	1172
140870.868 	0	943.300 	89.34942 	39.48206 	1173
141645.127 	0	942.000 	89.35580 	39.47713 	1174
142110.117 	0	946.200 	89.35962 	39.47417 	1175
142571.757 	0	954.600 	89.36343 	39.47124 	1176
142978.658 	0	954.400 	89.36678 	39.46865 	1177
143466.496 	0	956.400 	89.37079 	39.46555 	1178
144009.803 	0	959.300 	89.37527 	39.46209 	1179
144524.350 	0	957.500 	89.37950 	39.45881 	1180
144926.113 	0	964.700 	89.38281 	39.45626 	1181
145402.347 	0	966.600 	89.38673 	39.45323 	1182
146011.790 	0	968.800 	89.39174 	39.44935 	1183
146512.075 	0	981.600 	89.39586 	39.44617 	1184
147110.878 	0	981.400 	89.40079 	39.44235 	1185
147891.781 	0	996.600 	89.40721 	39.43738 	1186
148684.207 	0	1016.400 	89.41373 	39.43234 	1187
149627.524 	0	1029.600 	89.42149 	39.42634 	1188
150198.763 	0	1033.900 	89.42619 	39.42270 	1189
150772.117 	0	1044.400 	89.43090 	39.41905 	1190
151242.481 	0	1044.400 	89.43477 	39.41606 	1191
151904.321 	0	1052.500 	89.44021 	39.41184 	1192
152626.571 	0	1060.700 	89.44615 	39.40724 	1193
153451.206 	0	1069.500 	89.45293 	39.40199 	1194
154237.712 	0	1075.100 	89.45939 	39.39698 	1195
154886.837 	0	1077.600 	89.46472 	39.39285 	1196
155575.415 	0	1096.200 	89.47038 	39.38846 	1197
156168.950 	0	1097.700 	89.47526 	39.38468 	1198
156891.736 	0	1101.500 	89.48119 	39.38008 	1199
157510.506 	0	1106.700 	89.48627 	39.37614 	1200
158071.196 	0	1116.000 	89.49088 	39.37257 	1201
158832.211 	0	1125.500 	89.49713 	39.36772 	1202
159414.868 	0	1132.700 	89.50191 	39.36400 	1203
160115.947 	0	1143.500 	89.50766 	39.35954 	1204
160770.405 	0	1151.900 	89.51304 	39.35537 	1205
161389.519 	0	1156.800 	89.51812 	39.35142 	1206
162138.226 	0	1163.400 	89.52426 	39.34665 	1207
162675.209 	0	1169.400 	89.52867 	39.34323 	1208
163216.935 	0	1172.500 	89.53311 	39.33978 	1209
163961.181 	0	1182.200 	89.53922 	39.33503 	1210
164586.384 	0	1192.800 	89.54434 	39.33105 	1211
165107.973 	0	1208.300 	89.54862 	39.32772 	1212
165931.693 	0	1212.300 	89.55538 	39.32247 	1213
166400.486 	0	1215.000 	89.55922 	39.31948 	1214
166997.819 	0	1230.000 	89.56412 	39.31567 	1215
167576.348 	0	1238.800 	89.56886 	39.31199 	1216
168277.637 	0	1246.500 	89.57461 	39.30751 	1217
168993.206 	0	1258.400 	89.58047 	39.30295 	1218
169686.571 	0	1267.400 	89.58615 	39.29853 	1219
170524.908 	0	1282.200 	89.59302 	39.29318 	1220
171378.289 	0	1298.500 	89.60001 	39.28774 	1221
172128.847 	0	1308.400 	89.60616 	39.28295 	1222
172782.849 	0	1322.500 	89.61152 	39.27878 	1223
173467.884 	0	1332.000 	89.61713 	39.27441 	1224
174294.986 	0	1354.200 	89.62390 	39.26913 	1225
175128.013 	0	1369.400 	89.63072 	39.26382 	1226
175875.915 	0	1388.700 	89.63684 	39.25905 	1227
176601.426 	0	1402.900 	89.64278 	39.25442 	1228
177320.196 	0	1413.700 	89.64866 	39.24983 	1229
177957.717 	0	1430.100 	89.65388 	39.24576 	1230
178717.002 	0	1454.800 	89.66009 	39.24092 	1231
179496.608 	0	1474.000 	89.66647 	39.23594 	1232
180373.722 	0	1488.300 	89.67364 	39.23034 	1233
181098.819 	0	1507.200 	89.67957 	39.22571 	1234
181735.181 	0	1522.500 	89.68477 	39.22165 	1235
182513.284 	0	1537.800 	89.69113 	39.21668 	1236
183297.922 	0	1554.000 	89.69755 	39.21167 	1237
183990.869 	0	1565.900 	89.70321 	39.20725 	1238
184520.345 	0	1580.500 	89.70754 	39.20387 	1239
185113.106 	0	1591.800 	89.71238 	39.20008 	1240
185706.014 	0	1597.300 	89.71723 	39.19629 	1241
186362.709 	0	1613.200 	89.72259 	39.19210 	1242
187057.294 	0	1621.800 	89.72826 	39.18766 	1243
187426.476 	0	1620.200 	89.73128 	39.18531 	1244
187972.920 	0	1631.800 	89.73574 	39.18181 	1245
188635.843 	0	1631.800 	89.74116 	39.17758 	1246
189519.894 	0	1647.500 	89.74837 	39.17193 	1247
190384.343 	0	1649.300 	89.75543 	39.16641 	1248
191102.844 	0	1655.500 	89.76130 	39.16182 	1249
191869.515 	0	1646.200 	89.76755 	39.15692 	1250
192445.673 	0	1661.300 	89.77226 	39.15324 	1251
193015.739 	0	1685.300 	89.77691 	39.14960 	1252
193807.217 	0	1708.200 	89.78336 	39.14454 	1253
194654.286 	0	1729.100 	89.79027 	39.13912 	1254
195262.334 	0	1747.600 	89.79523 	39.13524 	1255
196050.559 	0	1794.400 	89.80166 	39.13020 	1256
196742.321 	0	1794.500 	89.80730 	39.12578 	1257
196742.321 	0	1823.000 	89.80730 	39.12578 	1258
198513.970 	0	1849.500 	89.82175 	39.11445 	1259
199094.658 	0	1863.000 	89.82648 	39.11074 	1260
199753.842 	0	1890.200 	89.83185 	39.10652 	1261
200645.943 	0	1863.800 	89.83912 	39.10082 	1262
201102.355 	0	1860.800 	89.84284 	39.09790 	1263
202142.380 	0	1890.500 	89.85131 	39.09125 	1264
203361.405 	0	1917.000 	89.86124 	39.08345 	1266
204035.305 	0	1935.300 	89.86673 	39.07914 	1267
204709.690 	0	1951.000 	89.87222 	39.07482 	1268
205569.340 	0	1970.800 	89.87922 	39.06932 	1269
206607.296 	0	1982.500 	89.88767 	39.06268 	1270
207242.655 	0	2030.800 	89.89284 	39.05862 	1271
208057.930 	0	2044.700 	89.89947 	39.05340 	1272
208719.012 	0	2073.800 	89.90485 	39.04917 	1273
209431.604 	0	2093.200 	89.91065 	39.04461 	1274
209880.696 	0	2106.400 	89.91430 	39.04174 	1275
210209.270 	0	2112.900 	89.91697 	39.03963 	1276
211352.185 	0	2153.200 	89.92627 	39.03232 	1277
212000.405 	0	2169.800 	89.93154 	39.02817 	1278
212620.045 	0	2189.200 	89.93658 	39.02420 	1279
213707.495 	0	2215.200 	89.94542 	39.01724 	1280
214307.925 	0	2235.100 	89.95030 	39.01340 	1281
215477.002 	0	2273.200 	89.95980 	39.00591 	1282
216702.093 	0	2309.400 	89.96976 	38.99806 	1283
218124.697 	0	2343.200 	89.98131 	38.98895 	1284
218677.333 	0	2360.000 	89.98580 	38.98541 	1285
220205.792 	0	2399.600 	89.99821 	38.97562 	1286
221213.952 	0	2414.900 	90.00640 	38.96916 	1287
222250.837 	0	2446.500 	90.01481 	38.96252 	1289
223452.018 	0	2489.400 	90.02456 	38.95482 	1290
224255.919 	0	2509.400 	90.03108 	38.94967 	1291
225443.343 	0	2558.000 	90.04072 	38.94206 	1293
226329.533 	0	2588.600 	90.04790 	38.93638 	1294
227356.094 	0	2624.800 	90.05623 	38.92980 	1295
228134.590 	0	2643.800 	90.06254 	38.92481 	1296
228326.424 	0	2668.300 	90.06410 	38.92358 	1297
228772.566 	0	2743.700 	90.06771 	38.92072 	1298
228772.566 	0	2777.500 	90.06771 	38.92072 	1299
229860.877 	0	2793.600 	90.07653 	38.91375 	1300
230003.695 	0	2807.000 	90.07769 	38.91283 	1301
230111.001 	0	2832.700 	90.07856 	38.91214 	1302
229819.549 	0	2912.600 	90.07620 	38.91401 	1303
230071.952 	0	2901.900 	90.07824 	38.91239 	1304
230649.530 	0	2926.800 	90.08293 	38.90869 	1305
231315.133 	0	2953.500 	90.08832 	38.90442 	1306
231415.825 	0	3006.600 	90.08913 	38.90378 	1307
231146.571 	0	3043.800 	90.08695 	38.90550 	1308
231776.728 	0	3094.000 	90.09206 	38.90146 	1309
232563.353 	0	3152.000 	90.09843 	38.89642 	1310
233850.422 	0	3204.800 	90.10886 	38.88816 	1311
235001.383 	0	3268.400 	90.11818 	38.88078 	1312
235473.113 	0	-3247.400 	90.12200 	38.87775 	1313
236906.614 	0	3286.000 	90.13360 	38.86856 	1314
237779.189 	0	3320.000 	90.14067 	38.86296 	1315
239042.453 	0	3367.000 	90.15089 	38.85485 	1316
239978.911 	0	3402.000 	90.15847 	38.84885 	1317
241052.670 	0	3441.000 	90.16715 	38.84195 	1318
242436.371 	0	3499.000 	90.17834 	38.83307 	1319
243539.240 	0	3509.000 	90.18726 	38.82599 	1320
245255.828 	0	3045.100 	90.20114 	38.81498 	1321
246092.422 	0	3074.800 	90.20790 	38.80960 	1322
246831.466 	0	3122.200 	90.21387 	38.80486 	1323
247273.277 	0	3155.900 	90.21744 	38.80202 	1324
247775.239 	0	3193.400 	90.22149 	38.79880 	1325
248164.304 	0	3239.400 	90.22464 	38.79630 	1326
248429.605 	0	3265.400 	90.22678 	38.79460 	1327
248832.272 	0	3249.300 	90.23003 	38.79201 	1328
249043.294 	0	3227.200 	90.23174 	38.79066 	1329
249234.525 	0	3207.100 	90.23328 	38.78943 	1330
249697.824 	0	3179.900 	90.23702 	38.78645 	1331
249953.629 	0	3153.300 	90.23909 	38.78481 	1332
250152.312 	0	3133.400 	90.24069 	38.78353 	1333
250435.671 	0	3121.500 	90.24298 	38.78171 	1334
250778.375 	0	3092.200 	90.24575 	38.77951 	1335
251170.492 	0	3099.900 	90.24892 	38.77699 	1336
251512.313 	0	3063.700 	90.25168 	38.77480 	1337
251968.976 	0	3047.600 	90.25536 	38.77186 	1338
252427.395 	0	3033.000 	90.25906 	38.76892 	1339
252955.466 	0	3022.900 	90.26333 	38.76553 	1340
253477.166 	0	3025.500 	90.26754 	38.76217 	1341
254094.602 	0	3036.600 	90.27252 	38.75821 	1342
254600.283 	0	3042.200 	90.27660 	38.75496 	1343
255236.055 	0	3053.600 	90.28173 	38.75087 	1344
255728.088 	0	3057.900 	90.28570 	38.74771 	1345
256142.904 	0	3063.000 	90.28904 	38.74505 	1346
256879.567 	0	3070.700 	90.29499 	38.74031 	1347
257495.446 	0	3086.000 	90.29995 	38.73635 	1348
258059.180 	0	3097.100 	90.30450 	38.73273 	1349
258691.878 	0	3099.900 	90.30960 	38.72866 	1350
259306.843 	0	3109.900 	90.31456 	38.72471 	1351
259554.268 	0	3116.300 	90.31655 	38.72312 	1352
260113.623 	0	3130.100 	90.32106 	38.71953 	1353
260757.615 	0	3139.800 	90.32625 	38.71539 	1354
261399.321 	0	3150.400 	90.33143 	38.71126 	1355
261963.659 	0	3162.000 	90.33597 	38.70763 	1356
262482.067 	0	3174.100 	90.34015 	38.70430 	1357
263000.402 	0	3198.300 	90.34433 	38.70097 	1358
263519.709 	0	3216.700 	90.34851 	38.69763 	1359
264036.528 	0	3222.100 	90.35267 	38.69430 	1360
264414.060 	0	3221.700 	90.35572 	38.69188 	1361
264806.012 	0	3209.600 	90.35887 	38.68936 	1362
265040.850 	0	3198.300 	90.36076 	38.68785 	1363
265450.287 	0	3175.100 	90.36406 	38.68521 	1364
265874.995 	0	3161.300 	90.36748 	38.68248 	1365
266009.015 	0	3141.900 	90.36856 	38.68162 	1366
266659.365 	0	3072.600 	90.37380 	38.67744 	1367
267366.741 	0	3068.800 	90.37949 	38.67289 	1368
268056.465 	0	3067.200 	90.38504 	38.66845 	1369
269200.623 	0	3060.000 	90.39425 	38.66109 	1370
270000.077 	0	3057.400 	90.40069 	38.65595 	1371
270624.360 	0	3059.300 	90.40571 	38.65193 	1372
271649.671 	0	3016.600 	90.41396 	38.64533 	1373
272011.524 	0	3134.600 	90.41687 	38.64300 	1374
274262.277 	0	3229.000 	90.43497 	38.62852 	1376
275004.417 	0	3223.800 	90.44094 	38.62374 	1377
276029.236 	0	3206.700 	90.44917 	38.61714 	1378
276708.406 	0	3199.500 	90.45463 	38.61277 	1379
277594.111 	0	3171.800 	90.46175 	38.60707 	1380
278696.915 	0	3137.400 	90.47061 	38.59997 	1381
280130.843 	0	3099.500 	90.48213 	38.59074 	1382
281769.144 	0	3060.200 	90.49529 	38.58019 	1384
282811.678 	0	3047.000 	90.50366 	38.57347 	1385
283656.825 	0	3058.200 	90.51044 	38.56803 	1386
284429.234 	0	3070.000 	90.51664 	38.56305 	1387
285548.043 	0	3069.100 	90.52562 	38.55585 	1388
286457.741 	0	3049.100 	90.53292 	38.54999 	1389
286951.018 	0	3044.700 	90.53688 	38.54681 	1390
288108.718 	0	3062.000 	90.54616 	38.53935 	1391
288686.299 	0	3061.800 	90.55079 	38.53563 	1392
289339.523 	0	3076.000 	90.55603 	38.53142 	1393
290178.560 	0	3042.200 	90.56276 	38.52601 	1394
290995.733 	0	3059.400 	90.56931 	38.52074 	1395
291907.137 	0	3049.300 	90.57662 	38.51487 	1396
292481.473 	0	3040.300 	90.58122 	38.51117 	1397
292885.342 	0	3032.400 	90.58446 	38.50856 	1398
293861.977 	0	3036.900 	90.59228 	38.50227 	1399
294582.521 	0	3042.700 	90.59806 	38.49762 	1400
294887.471 	0	3033.600 	90.60050 	38.49565 	1401
295631.339 	0	3014.500 	90.60646 	38.49086 	1402
296250.831 	0	3001.600 	90.61142 	38.48686 	1403
296775.919 	0	2993.800 	90.61562 	38.48348 	1404
297261.688 	0	2992.100 	90.61951 	38.48035 	1405
297579.907 	0	2985.800 	90.62206 	38.47829 	1406
297811.852 	0	2988.700 	90.62392 	38.47680 	1407
299169.803 	0	2963.600 	90.63479 	38.46804 	1408
299981.722 	0	2963.800 	90.64129 	38.46280 	1409
300354.226 	0	2965.600 	90.64427 	38.46040 	1410
301156.130 	0	2969.900 	90.65069 	38.45523 	1411
301840.261 	0	2966.500 	90.65616 	38.45081 	1412
302403.677 	0	2957.600 	90.66067 	38.44718 	1413
303082.430 	0	2961.100 	90.66610 	38.44280 	1414
303661.728 	0	2942.400 	90.67073 	38.43906 	1415
304437.360 	0	2920.200 	90.67693 	38.43406 	1416
304832.378 	0	2918.700 	90.68009 	38.43151 	1417
305469.263 	0	2907.900 	90.68519 	38.42740 	1418
305814.537 	0	2911.400 	90.68795 	38.42517 	1419
306882.663 	0	2914.500 	90.69649 	38.41828 	1420
307709.884 	0	2918.900 	90.70310 	38.41294 	1421
308367.678 	0	2910.800 	90.70835 	38.40869 	1422
309592.086 	0	2923.600 	90.71814 	38.40079 	1424
310477.676 	0	2912.800 	90.72521 	38.39507 	1425
311012.245 	0	2911.000 	90.72948 	38.39162 	1426
311818.860 	0	2901.300 	90.73593 	38.38641 	1427
312811.313 	0	2902.000 	90.74385 	38.38000 	1428
313409.191 	0	2895.700 	90.74863 	38.37614 	1429
314289.778 	0	2895.800 	90.75566 	38.37046 	1430
315003.527 	0	2899.800 	90.76135 	38.36585 	1431
316127.552 	0	2906.600 	90.77032 	38.35859 	1432
316900.481 	0	2926.700 	90.77649 	38.35360 	1433
317675.083 	0	2934.500 	90.78267 	38.34859 	1434
318638.352 	0	2931.100 	90.79036 	38.34237 	1435
319515.157 	0	2929.900 	90.79735 	38.33670 	1436
320478.587 	0	2927.100 	90.80503 	38.33048 	1437
321639.688 	0	2914.700 	90.81429 	38.32298 	1438
322707.298 	0	2912.200 	90.82280 	38.31608 	1439
323660.919 	0	2914.800 	90.83040 	38.30992 	1440
324628.096 	0	2917.800 	90.83811 	38.30366 	1441
325302.744 	0	2921.400 	90.84349 	38.29930 	1442
326292.359 	0	2937.600 	90.85137 	38.29291 	1443
327131.887 	0	2918.100 	90.85806 	38.28748 	1444
328501.263 	0	2925.200 	90.86896 	38.27863 	1445
329683.062 	0	2922.100 	90.87837 	38.27098 	1446
331138.489 	0	2927.400 	90.88996 	38.26157 	1447
332572.948 	0	2939.100 	90.90137 	38.25229 	1448
333867.921 	0	2945.900 	90.91168 	38.24392 	1449
335204.779 	0	2947.400 	90.92231 	38.23527 	1450
337105.735 	0	2962.900 	90.93743 	38.22297 	1451
338394.219 	0	2969.300 	90.94767 	38.21463 	1452
339309.377 	0	2964.400 	90.95494 	38.20871 	1453
340018.660 	0	2940.500 	90.96058 	38.20412 	1454
340592.734 	0	2905.000 	90.96514 	38.20041 	1455
341462.057 	0	2888.300 	90.97205 	38.19478 	1456
342129.670 	0	2878.500 	90.97735 	38.19046 	1457
342425.848 	0	2870.000 	90.97970 	38.18854 	1458
343199.342 	0	2868.600 	90.98585 	38.18353 	1459
344179.404 	0	2875.400 	90.99363 	38.17719 	1460
344564.513 	0	2878.000 	90.99669 	38.17470 	1461
345316.103 	0	2864.100 	91.00266 	38.16983 	1462
345947.344 	0	2871.400 	91.00767 	38.16574 	1463
346801.785 	0	2882.100 	91.01445 	38.16021 	1464
347503.575 	0	2879.600 	91.02002 	38.15567 	1465
348611.973 	0	2863.200 	91.02881 	38.14849 	1466
349393.866 	0	2874.300 	91.03502 	38.14342 	1467
350254.796 	0	2878.100 	91.04185 	38.13785 	1468
351227.473 	0	2893.400 	91.04956 	38.13155 	1469
352646.406 	0	2881.800 	91.06081 	38.12236 	1470
353668.312 	0	2887.400 	91.06891 	38.11573 	1471
354640.284 	0	2888.100 	91.07662 	38.10944 	1472
355649.177 	0	2878.800 	91.08462 	38.10290 	1473
356514.479 	0	2892.100 	91.09147 	38.09729 	1474
357382.019 	0	2900.600 	91.09834 	38.09167 	1475
358265.582 	0	2901.700 	91.10534 	38.08594 	1476
359113.352 	0	2899.100 	91.11206 	38.08045 	1477
359932.445 	0	2906.000 	91.11854 	38.07514 	1478
360808.818 	0	2929.100 	91.12548 	38.06946 	1479
361588.072 	0	2914.800 	91.13165 	38.06440 	1480
362435.966 	0	2912.800 	91.13836 	38.05891 	1481
363442.701 	0	2925.900 	91.14633 	38.05238 	1482
364227.423 	0	2914.100 	91.15254 	38.04729 	1483
365253.328 	0	2917.900 	91.16066 	38.04064 	1484
366083.749 	0	2921.100 	91.16723 	38.03525 	1485
366903.636 	0	2929.100 	91.17371 	38.02993 	1486
367773.379 	0	2935.900 	91.18059 	38.02429 	1487
368587.913 	0	2938.400 	91.18703 	38.01901 	1488
369510.697 	0	2946.200 	91.19433 	38.01302 	1489
370606.874 	0	2936.400 	91.20299 	38.00591 	1490


